 ---------------------------------------------------------------
 Vortex Lattice Output -- Total Forces

 Configuration: Plane Vanilla                                               
     # Surfaces =   5
     # Strips   =  41
     # Vortices = 294

  Sref =  9.0000       Cref = 0.90000       Bref =  10.000    
  Xref = 0.50000       Yref =  0.0000       Zref =  0.0000    

 Standard axis orientation,  X fwd, Z down         

 Run case:  -unnamed-                              

  Alpha =   1.00000     pb/2V =  -0.00000     p'b/2V =  -0.00000
  Beta  =   0.00000     qc/2V =   0.00000
  Mach  =     0.000     rb/2V =  -0.00000     r'b/2V =  -0.00000

  CXtot =   0.00136     Cltot =   0.00000     Cl'tot =   0.00000
  CYtot =   0.00000     Cmtot =   0.09555
  CZtot =  -0.50353     Cntot =   0.00000     Cn'tot =   0.00000

  CLtot =   0.50348
  CDtot =   0.00743
  CDvis =   0.00000     CDind = 0.0074328
  CLff  =   0.50158     CDff  = 0.0073264    | Trefftz
  CYff  =  -0.00000         e =    0.9837    | Plane  

   flap            =   0.00000
   aileron         =   0.00000
   elevator        =   0.00000
   rudder          =   0.00000

 ---------------------------------------------------------------
